5 0.000000 50 
10 0.000000 100 
15 0.000000 150 
20 0.000000 200 
25 0.000000 250 
30 0.000000 300 
35 0.000000 350 
40 0.000000 400 
45 0.000000 450 
50 0.000000 500 
55 0.000000 550 
60 0.000000 600 
65 0.000000 650 
70 0.000000 700 
75 0.000000 750 
80 0.000000 800 
85 0.000000 850 
90 0.000000 900 
95 0.000000 950 
100 0.000000 1000 
5 0.050000 60 
10 0.050000 100 
15 0.050000 150 
20 0.050000 200 
25 0.050000 250 
30 0.050000 320 
35 0.050000 370 
40 0.050000 420 
45 0.050000 460 
50 0.050000 520 
55 0.050000 580 
60 0.050000 640 
65 0.050000 670 
70 0.050000 770 
75 0.050000 780 
80 0.050000 850 
85 0.050000 910 
90 0.050000 940 
95 0.050000 1000 
100 0.050000 1050 
5 0.100000 60 
10 0.100000 110 
15 0.100000 150 
20 0.100000 250 
25 0.100000 290 
30 0.100000 320 
35 0.100000 370 
40 0.100000 440 
45 0.100000 460 
50 0.100000 560 
55 0.100000 590 
60 0.100000 670 
65 0.100000 740 
70 0.100000 790 
75 0.100000 860 
80 0.100000 910 
85 0.100000 930 
90 0.100000 990 
95 0.100000 1100 
100 0.100000 1110 
5 0.150000 60 
10 0.150000 120 
15 0.150000 170 
20 0.150000 220 
25 0.150000 300 
30 0.150000 350 
35 0.150000 460 
40 0.150000 450 
45 0.150000 550 
50 0.150000 590 
55 0.150000 660 
60 0.150000 690 
65 0.150000 750 
70 0.150000 770 
75 0.150000 890 
80 0.150000 900 
85 0.150000 950 
90 0.150000 1070 
95 0.150000 1120 
100 0.150000 1210 
5 0.200000 70 
10 0.200000 130 
15 0.200000 170 
20 0.200000 240 
25 0.200000 280 
30 0.200000 360 
35 0.200000 470 
40 0.200000 520 
45 0.200000 590 
50 0.200000 670 
55 0.200000 670 
60 0.200000 750 
65 0.200000 810 
70 0.200000 860 
75 0.200000 930 
80 0.200000 1030 
85 0.200000 1040 
90 0.200000 1080 
95 0.200000 1170 
100 0.200000 1240 
5 0.250000 60 
10 0.250000 110 
15 0.250000 230 
20 0.250000 230 
25 0.250000 340 
30 0.250000 340 
35 0.250000 430 
40 0.250000 490 
45 0.250000 600 
50 0.250000 590 
55 0.250000 740 
60 0.250000 760 
65 0.250000 730 
70 0.250000 830 
75 0.250000 1000 
80 0.250000 1050 
85 0.250000 1130 
90 0.250000 1260 
95 0.250000 1160 
100 0.250000 1280 
5 0.300000 70 
10 0.300000 140 
15 0.300000 250 
20 0.300000 310 
25 0.300000 350 
30 0.300000 460 
35 0.300000 540 
40 0.300000 640 
45 0.300000 740 
50 0.300000 750 
55 0.300000 760 
60 0.300000 910 
65 0.300000 970 
70 0.300000 960 
75 0.300000 1020 
80 0.300000 1070 
85 0.300000 1370 
90 0.300000 1290 
95 0.300000 1210 
100 0.300000 1480 
5 0.350000 60 
10 0.350000 170 
15 0.350000 240 
20 0.350000 280 
25 0.350000 380 
30 0.350000 430 
35 0.350000 500 
40 0.350000 550 
45 0.350000 760 
50 0.350000 880 
55 0.350000 890 
60 0.350000 980 
65 0.350000 1160 
70 0.350000 1020 
75 0.350000 1190 
80 0.350000 1210 
85 0.350000 1330 
90 0.350000 1520 
95 0.350000 1520 
100 0.350000 1640 
5 0.400000 70 
10 0.400000 210 
15 0.400000 390 
20 0.400000 430 
25 0.400000 310 
30 0.400000 520 
35 0.400000 690 
40 0.400000 770 
45 0.400000 720 
50 0.400000 1020 
55 0.400000 980 
60 0.400000 1140 
65 0.400000 1010 
70 0.400000 1090 
75 0.400000 1320 
80 0.400000 1400 
85 0.400000 1510 
90 0.400000 1630 
95 0.400000 1700 
100 0.400000 1950 
5 0.450000 70 
10 0.450000 240 
15 0.450000 220 
20 0.450000 360 
25 0.450000 480 
30 0.450000 520 
35 0.450000 700 
40 0.450000 810 
45 0.450000 860 
50 0.450000 990 
55 0.450000 1080 
60 0.450000 1240 
65 0.450000 1230 
70 0.450000 1220 
75 0.450000 1450 
80 0.450000 1540 
85 0.450000 1630 
90 0.450000 1960 
95 0.450000 1940 
100 0.450000 2150 
5 0.500000 90 
10 0.500000 190 
15 0.500000 310 
20 0.500000 450 
25 0.500000 590 
30 0.500000 680 
35 0.500000 900 
40 0.500000 820 
45 0.500000 1090 
50 0.500000 1140 
55 0.500000 1320 
60 0.500000 1470 
65 0.500000 1620 
70 0.500000 1640 
75 0.500000 1780 
80 0.500000 1740 
85 0.500000 1920 
90 0.500000 1900 
95 0.500000 2090 
100 0.500000 2150 
5 0.550000 90 
10 0.550000 350 
15 0.550000 520 
20 0.550000 520 
25 0.550000 530 
30 0.550000 790 
35 0.550000 890 
40 0.550000 890 
45 0.550000 1310 
50 0.550000 1340 
55 0.550000 1530 
60 0.550000 1560 
65 0.550000 1950 
70 0.550000 1790 
75 0.550000 2050 
80 0.550000 1970 
85 0.550000 2500 
90 0.550000 2080 
95 0.550000 2320 
100 0.550000 2860 
5 0.600000 140 
10 0.600000 190 
15 0.600000 400 
20 0.600000 560 
25 0.600000 630 
30 0.600000 920 
35 0.600000 1020 
40 0.600000 1430 
45 0.600000 1410 
50 0.600000 1790 
55 0.600000 1390 
60 0.600000 2050 
65 0.600000 2100 
70 0.600000 2250 
75 0.600000 2540 
80 0.600000 2530 
85 0.600000 2870 
90 0.600000 2870 
95 0.600000 2830 
100 0.600000 3080 
5 0.650000 110 
10 0.650000 300 
15 0.650000 450 
20 0.650000 780 
25 0.650000 810 
30 0.650000 1020 
35 0.650000 1440 
40 0.650000 1350 
45 0.650000 1670 
50 0.650000 1910 
55 0.650000 2160 
60 0.650000 2750 
65 0.650000 2540 
70 0.650000 2830 
75 0.650000 2530 
80 0.650000 3260 
85 0.650000 3300 
90 0.650000 3200 
95 0.650000 4290 
100 0.650000 4080 
5 0.700000 230 
10 0.700000 320 
15 0.700000 870 
20 0.700000 1100 
25 0.700000 930 
30 0.700000 1330 
35 0.700000 2370 
40 0.700000 2100 
45 0.700000 2000 
50 0.700000 2800 
55 0.700000 2920 
60 0.700000 3000 
65 0.700000 3770 
70 0.700000 3350 
75 0.700000 3620 
80 0.700000 4080 
85 0.700000 4450 
90 0.700000 4170 
95 0.700000 5740 
100 0.700000 4980 
5 0.750000 430 
10 0.750000 540 
15 0.750000 1350 
20 0.750000 1120 
25 0.750000 1610 
30 0.750000 1390 
35 0.750000 2400 
40 0.750000 2420 
45 0.750000 2910 
50 0.750000 3170 
55 0.750000 3850 
60 0.750000 3720 
65 0.750000 4210 
70 0.750000 4430 
75 0.750000 5610 
80 0.750000 5910 
85 0.750000 5720 
90 0.750000 6240 
95 0.750000 6630 
100 0.750000 7530 
5 0.800000 600 
10 0.800000 660 
15 0.800000 1420 
20 0.800000 1740 
25 0.800000 2280 
30 0.800000 2740 
35 0.800000 4360 
40 0.800000 3300 
45 0.800000 4160 
50 0.800000 6960 
55 0.800000 6280 
60 0.800000 6580 
65 0.800000 7070 
70 0.800000 7720 
75 0.800000 6310 
80 0.800000 8180 
85 0.800000 7850 
90 0.800000 9390 
95 0.800000 9650 
100 0.800000 9750 
5 0.850000 530 
10 0.850000 2130 
15 0.850000 1910 
20 0.850000 4420 
25 0.850000 5020 
30 0.850000 6100 
35 0.850000 4940 
40 0.850000 6940 
45 0.850000 6220 
50 0.850000 7290 
55 0.850000 9750 
60 0.850000 9600 
65 0.850000 10050 
70 0.850000 13820 
75 0.850000 13550 
80 0.850000 16130 
85 0.850000 12770 
90 0.850000 16720 
95 0.850000 16250 
100 0.850000 17070 
5 0.900000 2110 
10 0.900000 4980 
15 0.900000 4840 
20 0.900000 4800 
25 0.900000 10110 
30 0.900000 13130 
35 0.900000 12790 
40 0.900000 13630 
45 0.900000 21670 
50 0.900000 18530 
55 0.900000 21440 
60 0.900000 23140 
65 0.900000 26470 
70 0.900000 22580 
75 0.900000 26030 
80 0.900000 29760 
85 0.900000 21400 
90 0.900000 29100 
95 0.900000 32680 
100 0.900000 33850 
